40000	1	32	2	12742.125087499	0.7204091444	700	8919483.67240364	7.84798448557905E-005	1.12114112960814E-007
40000	1	16	4	15552.3734803408	0.7016143015	700	32659972.644398	6.42988673892166E-005	3.06185192157999E-008
40000	1	11	6	15832.3123645858	0.6930191933	700	55413073.8319661	0.000063162	0.000000018
40000	1	9	8	15301.7567884757	0.6677556146	700	74978581.0415732	0.000065352	1.33371422359345E-008
40000	1	8	10	14941.419300942	0.6398305457	700	94130906.6024861	0.000066928	1.06235033326832E-008
40000	10	16	2	6126.1270770718	0.6276717848	5570	34122496.8750174	0.0001632353	2.9306178960548E-008
40000	10	10	4	6168.2736171732	0.5279873017	5565	102979235.301715	0.0001621199	9.71069553070715E-009
40000	10	7	6	5178.1783097903	0.4363261304	5565	144082656.887727	0.0001931181	6.94046057728674E-009
40000	10	7	8	4556.5031894106	0.3818057511	5563	177434574.371666	0.0002194665	5.63588017465714E-009
40000	10	2	10	3461.0778376589	0.2892351139	5567	173410104.586404	0.0002889273	5.76667664427673E-009
400000	1	24	2	3634.6384605129	0.9778301464	701	2547877.66654815	0.0002751305	3.92483521924659E-007
400000	1	28	4	6011.8188370875	0.9216787492	700	12624807.8918167	0.000166339	7.92091260769358E-008
400000	1	9	6	7509.8497081568	0.8759101003	700	26284454.5346804	0.0001331585	0.000000038
400000	1	9	8	8649.1514854387	0.8445241836	700	42380815.0572968	0.0001156183	2.35955820728801E-008
400000	1	11	10	9220.1480681594	0.7953093123	699	58003916.5516828	0.0001084581	1.72402151345932E-008
400000	10	16	2	2948.5043512559	0.9056071393	5570	16423138.2929966	0.000339155	6.08897022091347E-008
400000	10	16	4	4110.9575666333	0.7792280208	5566	68644676.6839392	0.0002432523	1.4567772015364E-008
400000	10	11	6	4332.8920129026	0.6546848987	5563	120519236.824271	0.0002307927	8.29743057083993E-009
400000	10	11	8	4415.8839411736	0.5852837767	5561	171896897.972956	0.0002264552	5.81744063908198E-009
400000	10	8	10	4216.3669284516	0.5166822004	5561	211024670.423114	0.000237171	4.73878242764201E-009
4000000	1	16	2	416.7127236774	0.9972200465	701	292111.725513177	0.0023997347	3.42334768740699E-006
4000000	1	16	4	820.8685992015	0.9954945515	700	1723812.39368165	0.0012182218	5.80109531446307E-007
4000000	1	20	6	1212.7634165015	0.9951136505	700	4244652.51656898	0.0008245631	2.35590545067353E-007
4000000	1	20	8	1591.547340006	0.9943773727	700	7798554.74955287	0.0006283194	1.28228887545777E-007
4000000	1	20	10	1959.5618805653	0.993630392	700	12345204.8539963	0.0005103182	0.000000081
4000000	10	16	2	410.1370844359	0.9937400567	5570	2284432.62815049	0.0024382092	4.37745454900816E-007
4000000	10	16	4	791.581438171	0.9841195209	5566	13217734.1037573	0.0012632939	7.56559325637925E-008
4000000	10	16	6	1147.3381918368	0.9760711779	5563	31913057.3021974	0.0008715826	3.13351362901587E-008
4000000	10	16	8	1492.1825637636	0.9780715575	5562	58096419.6739159	0.0006701593	1.7212764669713E-008
4000000	10	16	10	1789.3064084676	0.9650751973	5561	89552718.4442292	0.0005588758	1.11666068587608E-008
